 Cr Density=7.19
 Wavelength (nm), Delta, Beta
  12.5  0.0664525405  0.0324639194
  12.5092793  0.0665715411  0.0325690806
  12.5185671  0.0666907728  0.0326746255
  12.5278587  0.0668101758  0.0327804573
  12.5371609  0.0669298247  0.0328866541
  12.5464678  0.0670496747  0.0329932198
  12.5557814  0.067169711  0.0331000946
  12.5651035  0.0672899783  0.0332073234
  12.5744314  0.0674104467  0.0333149247
  12.583765  0.0675311089  0.0334228426
  12.5931072  0.0676519871  0.033531107
  12.6024561  0.0677690059  0.0336397253
  12.6118126  0.0678720102  0.0337487459
  12.6211748  0.0679751337  0.0338580646
  12.6305447  0.068078436  0.0339677483
  12.6399202  0.0681818798  0.0340777822
  12.6493053  0.0682855025  0.0341882147
  12.6586962  0.0683892742  0.0342989713
  12.6680927  0.0684931874  0.0344100706
  12.6774969  0.0685972646  0.0345215723
  12.6869087  0.0687015057  0.0346334092
  12.6963272  0.0688059106  0.0347456001
  12.7057524  0.0689104646  0.0348581932
  12.7151852  0.0690151826  0.034971118
  12.7246246  0.0691200644  0.0350844003
  12.7340708  0.0692250803  0.0351980478
  12.7435236  0.0693302751  0.0353121087
  12.752984  0.0694356263  0.0354264975
  12.7624531  0.0695411488  0.0355412625
  12.7719269  0.0696468279  0.0356564373
  12.7814083  0.0697526485  0.0357719399
  12.7908974  0.0698586553  0.0358878225
  12.8003922  0.0699645579  0.0360040441
  12.8098946  0.0700515583  0.0361183174
  12.8194046  0.0701386854  0.0362329185
  12.8289223  0.0702259168  0.0363479257
  12.8384457  0.0703132376  0.0364632495
  12.8479767  0.0704006702  0.0365789421
  12.8575144  0.070488207  0.0366949998
  12.8670607  0.0705758706  0.0368114822
  12.8766117  0.0706636086  0.0369282737
  12.8861713  0.070751451  0.0370454378
  12.8957376  0.0708394125  0.0371629819
  12.9053116  0.0709274784  0.0372809395
  12.9148912  0.0710156336  0.0373992212
  12.9244785  0.0711039156  0.0375178829
  12.9340734  0.0711922869  0.0376369208
  12.943676  0.0712807775  0.0377563871
  12.9532862  0.0713693798  0.0378762297
  12.9629021  0.0714580715  0.0379964076
  12.9725246  0.0715468675  0.0381169617
  12.9821558  0.0716357827  0.0382379033
  12.9917936  0.0717247948  0.0383592695
  13.0014372  0.0718139037  0.038480971
  13.0110893  0.0718910843  0.03860173
  13.0207491  0.0719653592  0.03872253
  13.0304155  0.0720396861  0.0388437472
  13.0400877  0.0721140727  0.0389652997
  13.0497694  0.0721885487  0.0390872359
  13.0594568  0.0722630545  0.0392096005
  13.0691509  0.0723376274  0.0393322967
  13.0788536  0.0724122822  0.0394553803
  13.088563  0.0724869892  0.0395788513
  13.09828  0.0725617483  0.0397027545
  13.1080046  0.0726365969  0.0398270041
  13.1177349  0.0727114752  0.0399516337
  13.1274729  0.0727864131  0.0400766917
  13.1372185  0.072861433  0.0402021073
  13.1469707  0.0729365125  0.0403279103
  13.1567316  0.0730116516  0.0404541604
  13.1664991  0.0730868652  0.0405807607
  13.1762724  0.0731621236  0.0407077447
  13.1860552  0.0732374638  0.0408351347
  13.1958437  0.0733128339  0.040962968
  13.2056398  0.0733882934  0.041091159
  13.2154436  0.0734527335  0.041196119
  13.2252541  0.0735095441  0.0412850976
  13.2350731  0.0735663921  0.0413742438
  13.2448988  0.0736232623  0.0414635912
  13.2547302  0.0736801028  0.0415531136
  13.2645712  0.0737369508  0.0416428633
  13.2744179  0.0737938285  0.0417327844
  13.2842731  0.0738507137  0.0418229029
  13.2941351  0.0739075616  0.0419132225
  13.3040037  0.0739644542  0.0420037284
  13.3138809  0.0740213618  0.0420944318
  13.3237648  0.0740782246  0.0421853401
  13.3336563  0.0741351545  0.0422764421
  13.3435545  0.0741920546  0.0423677228
  13.3534594  0.0742489621  0.0424592011
  13.3633728  0.0743058622  0.0425509028
  13.3732948  0.074362807  0.0426427983
  13.3832216  0.0744197369  0.0427348688
  13.393158  0.0744766518  0.0428271703
  13.4031  0.0745335966  0.0429196432
  13.4130507  0.0745905489  0.0430123247
  13.423008  0.0746491551  0.0430989787
  13.432972  0.0747104958  0.043175783
  13.4429455  0.0747718886  0.0432527438
  13.4529247  0.074833259  0.0433298163
  13.4629116  0.0748946294  0.0434070416
  13.4729071  0.0749560744  0.0434844159
  13.4829092  0.0750175118  0.0435619093
  13.492918  0.0750789195  0.0436395407
  13.5029345  0.0751404017  0.0437173173
  13.5129585  0.0752018765  0.0437952206
  13.5229902  0.0752633959  0.0438732766
  13.5330305  0.0753248855  0.0439514741
  13.5430765  0.0753864273  0.0440298021
  13.5531311  0.0754479915  0.0441082716
  13.5631924  0.0755095333  0.0441868901
  13.5732603  0.0755711049  0.0442656279
  13.5833368  0.0756327137  0.0443445183
  13.5934219  0.0756943077  0.0444235615
  13.6035128  0.0757559463  0.0445027277
  13.6136112  0.0758176073  0.0445820391
  13.6237173  0.0758792683  0.0446614884
  13.633832  0.0759425387  0.0447363779
  13.6439533  0.0760135502  0.0447890088
  13.6540833  0.0760846213  0.0448417179
  13.6642189  0.0761556774  0.0448944531
  13.6743622  0.0762268081  0.0449472703
  13.684514  0.0762980133  0.045000162
  13.6946735  0.0763692185  0.0450530984
  13.7048397  0.0764404759  0.0451060943
  13.7150135  0.0765117779  0.0451591611
  13.7251959  0.076583147  0.0452122986
  13.7353849  0.0766545311  0.0452654809
  13.7455826  0.0767259821  0.0453187488
  13.7557869  0.0767974555  0.0453720614
  13.7659979  0.0768689588  0.0454254262
  13.7762175  0.076940529  0.0454788692
  13.7864437  0.0770121366  0.0455323718
  13.7966795  0.0770837814  0.0455859378
  13.806921  0.0771554634  0.0456395634
  13.8171721  0.0772272348  0.0456932783
  13.8274298  0.0772989988  0.0457470268
  13.8376932  0.0773708075  0.0458008312
  13.8479662  0.0774426833  0.0458547175
  13.8582468  0.0775405318  0.0459086746
  13.868536  0.0776394531  0.0459626913
  13.8788309  0.0777384862  0.0460167639
  13.8891335  0.0778376386  0.0460708998
  13.8994455  0.077936925  0.0461251028
  13.9097643  0.0780363455  0.0461793691
  13.9200897  0.0781358629  0.0462336987
  13.9304237  0.0782355294  0.0462881066
  13.9407663  0.078335315  0.0463425629
  13.9511156  0.0784352124  0.0463970862
  13.9614716  0.078535229  0.0464516692
  13.971837  0.0786353797  0.0465063155
  13.9822092  0.078735657  0.0465610325
  13.99259  0.0788360685  0.0466158278
  14.0029774  0.0789365917  0.0466706716
  14.0133724  0.0790372267  0.0467255712
  14.0237751  0.0791379958  0.0467805415
  14.0341864  0.0792389065  0.0468355902
  14.0446053  0.0793399215  0.0468906872
  14.0550318  0.0794410706  0.0469458587
  14.065465  0.0795423314  0.0470010825
  14.0759077  0.0796620548  0.0470563844
  14.0863571  0.0797879174  0.0471117496
  14.0968142  0.0799139813  0.0471671782
  14.1072798  0.0800402611  0.0472226813
  14.1177521  0.0801667199  0.0472782329
  14.1282339  0.0802934021  0.0473338701
  14.1387205  0.0804202408  0.0473895445
  14.1492176  0.0805473104  0.0474453047
  14.1597214  0.0806745663  0.0475011282
  14.1702337  0.0808020309  0.0475570187
  14.1807528  0.0809296817  0.0476129726
  14.1912804  0.0810575634  0.0476689897
  14.2018156  0.0811856315  0.0477250777
  14.2123594  0.0813139006  0.0477812365
  14.2229099  0.081442371  0.0478374436
  14.2334681  0.0815710425  0.0478937253
  14.2440348  0.0816999078  0.0479500778
  14.2546101  0.0818290114  0.048006501
  14.265192  0.0819582716  0.0480629727
  14.2757816  0.0820877552  0.0481195264
  14.2863798  0.0822174475  0.0481761508
  14.2969866  0.0823551863  0.0482389443
  14.3076  0.082499668  0.0483069308
  14.318222  0.0826444104  0.0483750105
  14.3288507  0.0827893838  0.0484431833
  14.339489  0.0829346254  0.048511453
  14.3501339  0.0830801055  0.048579827
  14.3607874  0.0832258537  0.0486482903
  14.3714476  0.0833718255  0.0487168506
  14.3821163  0.0835180506  0.0487855077
  14.3927937  0.0836645365  0.0488542616
  14.4034786  0.0838112831  0.0489231162
  14.4141722  0.0839582682  0.0489920639
  14.4248724  0.0841054916  0.0490611084
  14.4355803  0.0842529759  0.0491302423
  14.4462976  0.0844007283  0.0491994955
  14.4570217  0.0845487043  0.0492688268
  14.4677553  0.0846969858  0.04933827
  14.4784956  0.0848454684  0.0494077951
  14.4892435  0.0849942118  0.0494774207
  14.5  0.0851432309  0.0495471619
