 TaBN Density=16.65
 Wavelength (nm), Delta, Beta
  12.5  0.0592354275  0.0341582857
  12.5092793  0.0593488328  0.0341898091
  12.5185671  0.0594624728  0.0342213698
  12.5278587  0.0595762767  0.0342529714
  12.5371609  0.0596870892  0.0342880785
  12.5464678  0.0597978793  0.0343234353
  12.5557814  0.0599088557  0.0343588442
  12.5651035  0.0600200482  0.0343943164
  12.5744314  0.0601314344  0.0344298184
  12.583765  0.0602429993  0.0344653763
  12.5931072  0.060354773  0.0345009863
  12.6024561  0.0604667552  0.0345366485
  12.6118126  0.060578946  0.0345723554
  12.6211748  0.0606913194  0.0346081145
  12.6305447  0.0608038977  0.0346439257
  12.6399202  0.0609166659  0.0346797816
  12.6493053  0.0610296577  0.0347156972
  12.6586962  0.0611428469  0.0347516611
  12.6680927  0.0612562113  0.0347876623
  12.6774969  0.0613680854  0.0348237008
  12.6869087  0.0614784621  0.03485981
  12.6963272  0.0615890212  0.034895964
  12.7057524  0.0616997927  0.0349321626
  12.7151852  0.0618107468  0.0349684246
  12.7246246  0.0619218908  0.035004735
  12.7340708  0.0620332137  0.0350410864
  12.7435236  0.0621447675  0.0350774899
  12.752984  0.0622564815  0.0351139456
  12.7624531  0.0623684116  0.0351504721
  12.7719269  0.0624805391  0.0351870283
  12.7814083  0.0625928417  0.0352236368
  12.7908974  0.0627053529  0.0352603085
  12.8003922  0.0628180504  0.035297025
  12.8098946  0.0629309565  0.0353337824
  12.8194046  0.0630439967  0.0353706032
  12.8289223  0.0631565377  0.0354074799
  12.8384457  0.0632692501  0.0354444087
  12.8479767  0.0633821636  0.0354813859
  12.8575144  0.0634952784  0.0355184227
  12.8670607  0.063608624  0.0355555117
  12.8766117  0.0637221038  0.0355926454
  12.8861713  0.0638358071  0.0356298387
  12.8957376  0.0639496967  0.0356670842
  12.9053116  0.0640638098  0.0357043743
  12.9148912  0.0641779974  0.0357417166
  12.9244785  0.0642923489  0.0357791185
  12.9340734  0.0644069016  0.0358165652
  12.943676  0.0645216778  0.0358540677
  12.9532862  0.0646366701  0.0358916298
  12.9629021  0.0647518039  0.0359292366
  12.9725246  0.06486696  0.0359668955
  12.9821558  0.0649822354  0.0360046141
  12.9917936  0.0650977194  0.0360423699
  13.0014372  0.0652133673  0.0360801853
  13.0110893  0.0653292388  0.0361180678
  13.0207491  0.0654453039  0.0361560024
  13.0304155  0.0655615851  0.0361939743
  13.0400877  0.0656780377  0.0362320021
  13.0497694  0.0657947212  0.0362701006
  13.0594568  0.0659115985  0.0363082364
  13.0691509  0.066028662  0.0363464281
  13.0788536  0.0661459491  0.0363846868
  13.088563  0.0662634149  0.0364229903
  13.09828  0.0663811117  0.0364613459
  13.1080046  0.0664990097  0.0364997722
  13.1177349  0.066617094  0.0365382321
  13.1274729  0.0667353719  0.0365767479
  13.1372185  0.0668538511  0.036615327
  13.1469707  0.0669725314  0.0366539583
  13.1567316  0.0670914501  0.0366926454
  13.1664991  0.0672105476  0.0367313996
  13.1762724  0.0673298314  0.036770191
  13.1860552  0.0674493536  0.0368090495
  13.1958437  0.067569077  0.036847949
  13.2056398  0.0676889941  0.036886923
  13.2154436  0.0678091273  0.0369259417
  13.2252541  0.0679294765  0.0369650088
  13.2350731  0.0680500194  0.0370041393
  13.2448988  0.0681707785  0.0370433405
  13.2547302  0.0682917237  0.037082579
  13.2645712  0.0684129223  0.0371218771
  13.2744179  0.0685346872  0.0371612385
  13.2842731  0.0686567947  0.0372006595
  13.2941351  0.0687791333  0.0372401252
  13.3040037  0.0689016581  0.037279658
  13.3138809  0.0690244064  0.0373192541
  13.3237648  0.0691473633  0.03735888
  13.3336563  0.0692704469  0.0373985916
  13.3435545  0.0693936199  0.0374383517
  13.3534594  0.0695169941  0.0374781489
  13.3633728  0.0696406215  0.0375180244
  13.3732948  0.0697644651  0.037557967
  13.3832216  0.0698884875  0.0375979431
  13.393158  0.0700127557  0.0376379862
  13.4031  0.0701372176  0.037678089
  13.4130507  0.0702619031  0.0377182588
  13.423008  0.0703870878  0.0377584659
  13.432972  0.0705130249  0.0377987362
  13.4429455  0.0706392229  0.0378390774
  13.4529247  0.0707655996  0.037879467
  13.4629116  0.0708922148  0.0379199088
  13.4729071  0.0710190609  0.0379604287
  13.4829092  0.0711461157  0.0380009934
  13.492918  0.0712733865  0.0380416065
  13.5029345  0.0714008808  0.0380822942
  13.5129585  0.0715285838  0.0381230339
  13.5229902  0.0716565177  0.0381638408
  13.5330305  0.07178469  0.038204696
  13.5430765  0.0719130784  0.0382456146
  13.5531311  0.0720415115  0.0382865295
  13.5631924  0.0721701533  0.0383274704
  13.5732603  0.0722989887  0.0383684784
  13.5833368  0.0724309385  0.0384095535
  13.5934219  0.0725634843  0.0384506807
  13.6035128  0.0726962239  0.0384918675
  13.6136112  0.0728292167  0.0385331288
  13.6237173  0.0729624331  0.0385744348
  13.633832  0.0730959103  0.0386157967
  13.6439533  0.0732295886  0.0386572257
  13.6540833  0.0733635351  0.0386987291
  13.6642189  0.0734976977  0.0387402624
  13.6743622  0.0736320913  0.0387818702
  13.684514  0.0737667382  0.0388235487
  13.6946735  0.0739016384  0.0388652794
  13.7048397  0.0740367323  0.038907066
  13.7150135  0.0741720796  0.0389489159
  13.7251959  0.0743076801  0.0389908403
  13.7353849  0.0744441897  0.0390348546
  13.7455826  0.0745816827  0.0390813313
  13.7557869  0.0747194141  0.0391278602
  13.7659979  0.074857384  0.039174445
  13.7762175  0.0749954507  0.0392210707
  13.7864437  0.0751337558  0.0392677635
  13.7966795  0.0752723441  0.0393145233
  13.806921  0.0754111409  0.0393613428
  13.8171721  0.0755502209  0.0394082516
  13.8274298  0.0756895393  0.0394552164
  13.8376932  0.0758290663  0.039502237
  13.8479662  0.0759688616  0.0395493507
  13.8582468  0.0761089176  0.0395965241
  13.868536  0.0762492418  0.0396437719
  13.8788309  0.0763897672  0.0396910794
  13.8891335  0.0765304938  0.0397385247
  13.8994455  0.0766695589  0.0397883952
  13.9097643  0.0768088475  0.0398383439
  13.9200897  0.0769483671  0.0398883522
  13.9304237  0.0770881549  0.0399384536
  13.9407663  0.0772282109  0.0399886258
  13.9511156  0.077368468  0.0400388651
  13.9614716  0.077508986  0.0400891788
  13.971837  0.0776497647  0.0401395708
  13.9822092  0.0777907744  0.0401900411
  13.99259  0.0779319406  0.0402405709
  14.0029774  0.0780732855  0.0402911492
  14.0133724  0.0782148987  0.0403417982
  14.0237751  0.0783567354  0.0403925292
  14.0341864  0.0784988403  0.0404433422
  14.0446053  0.0786411986  0.0404942222
  14.0550318  0.0787833855  0.0405451842
  14.065465  0.0789255053  0.0405962095
  14.0759077  0.0790679306  0.0406473279
  14.0863571  0.0792105645  0.0406985134
  14.0968142  0.0793534517  0.0407497771
  14.1072798  0.0794966221  0.0408011265
  14.1177521  0.0796400234  0.0408525392
  14.1282339  0.0797836706  0.0409040451
  14.1387205  0.0799275339  0.0409556068
  14.1492176  0.0800717026  0.0410072543
  14.1597214  0.0802160949  0.0410589799
  14.1702337  0.0803607479  0.0411107913
  14.1807528  0.0805056393  0.0411626697
  14.1912804  0.0806508288  0.0412146375
  14.2018156  0.0807962343  0.0412666798
  14.2123594  0.0809419453  0.0413187966
  14.2229099  0.081087999  0.0413709618
  14.2334681  0.0812342837  0.041423209
  14.2440348  0.0813808218  0.0414755307
  14.2546101  0.0815276727  0.0415279381
  14.265192  0.0816747099  0.0415804125
  14.2757816  0.0818220302  0.0416329727
  14.2863798  0.0819696113  0.0416856185
  14.2969866  0.0821174681  0.0417383388
  14.3076  0.0822655484  0.0417911373
  14.318222  0.0824139118  0.0418440178
  14.3288507  0.0825625211  0.0418969616
  14.339489  0.0827113912  0.041950006
  14.3501339  0.082860522  0.0420031287
  14.3607874  0.0830099359  0.0420563221
  14.3714476  0.0831595734  0.0421095937
  14.3821163  0.0833101571  0.0421629474
  14.3927937  0.0834612772  0.0422163866
  14.4034786  0.083612673  0.0422698967
  14.4141722  0.0837643221  0.0423234962
  14.4248724  0.0839162171  0.0423771702
  14.4355803  0.0840684026  0.0424309224
  14.4462976  0.0842207894  0.0424847677
  14.4570217  0.0843733102  0.0425386876
  14.4677553  0.084526144  0.0425926931
  14.4784956  0.0846791938  0.0426467694
  14.4892435  0.0848325193  0.0427009389
  14.5  0.0849861428  0.0427551903
