 TiN Density=5.22
 Wavelength (nm), Delta, Beta
  12.5  0.0556473099  0.0162584037
  12.5092793  0.0557311065  0.0162846055
  12.5185671  0.0558150485  0.016310852
  12.5278587  0.0558990873  0.0163371339
  12.5371609  0.0559832864  0.0163634736
  12.5464678  0.0560675934  0.0163898543
  12.5557814  0.0561520271  0.0164162796
  12.5651035  0.0562366024  0.0164427552
  12.5744314  0.0563212931  0.0164692756
  12.583765  0.0564060993  0.0164958388
  12.5931072  0.0564910471  0.0165224504
  12.6024561  0.0565761179  0.0165491104
  12.6118126  0.0566613339  0.0165758226
  12.6211748  0.0567466579  0.0166025739
  12.6305447  0.0568321198  0.0166293755
  12.6399202  0.0569177009  0.0166562218
  12.6493053  0.057003431  0.0166831221
  12.6586962  0.0570892841  0.0167100653
  12.6680927  0.0571752451  0.0167370513
  12.6774969  0.0572613478  0.0167640895
  12.6869087  0.0573475882  0.0167911761
  12.6963272  0.0574339516  0.0168183073
  12.7057524  0.0575206801  0.0168454908
  12.7151852  0.0576077849  0.0168727245
  12.7246246  0.0576950088  0.0169000011
  12.7340708  0.0577823557  0.0169273242
  12.7435236  0.0578698479  0.0169546995
  12.752984  0.0579574667  0.0169821233
  12.7624531  0.0580452308  0.0170095954
  12.7719269  0.0581331216  0.0170371179
  12.7814083  0.0582211316  0.0170646831
  12.7908974  0.0583092943  0.0170923024
  12.8003922  0.0583975725  0.0171199646
  12.8098946  0.0584859923  0.0171476807
  12.8194046  0.0585745424  0.0171754416
  12.8289223  0.0586632453  0.0172032602
  12.8384457  0.0587520599  0.0172311179
  12.8479767  0.0588410124  0.0172590278
  12.8575144  0.058930099  0.0172869861
  12.8670607  0.059019357  0.017315004
  12.8766117  0.0591087006  0.0173430592
  12.8861713  0.0591981895  0.0173711646
  12.8957376  0.0592878237  0.0173993222
  12.9053116  0.0593776032  0.0174275357
  12.9148912  0.0594678558  0.0174557883
  12.9244785  0.0595582835  0.0174840894
  12.9340734  0.0596488453  0.0175124444
  12.943676  0.0597395636  0.0175408535
  12.9532862  0.0598304234  0.0175693128
  12.9629021  0.059921395  0.0175978169
  12.9725246  0.0600125007  0.0176263694
  12.9821558  0.0601037703  0.0176549759
  12.9917936  0.0601951666  0.0176836345
  13.0014372  0.0602866895  0.0177123379
  13.0110893  0.0603783689  0.017741099
  13.0207491  0.0604701862  0.0177699104
  13.0304155  0.0605621487  0.0177987721
  13.0400877  0.0606542192  0.0178276803
  13.0497694  0.0607464612  0.0178566445
  13.0594568  0.0608388409  0.0178856608
  13.0691509  0.0609313436  0.0179147217
  13.0788536  0.061023999  0.0179438405
  13.088563  0.0611167923  0.0179730076
  13.09828  0.0612097308  0.0180022307
  13.1080046  0.0613028221  0.0180315059
  13.1177349  0.0613960102  0.0180608258
  13.1274729  0.061489258  0.0180902034
  13.1372185  0.0615826547  0.0181196332
  13.1469707  0.0616761893  0.0181491151
  13.1567316  0.0617698804  0.0181786548
  13.1664991  0.0618637018  0.018208243
  13.1762724  0.0619576611  0.0182378795
  13.1860552  0.0620517731  0.0182675738
  13.1958437  0.0621460192  0.0182973202
  13.2056398  0.0622404106  0.0183271188
  13.2154436  0.0623349547  0.0183569677
  13.2252541  0.0624296255  0.0183868743
  13.2350731  0.0625244528  0.0184168313
  13.2448988  0.0626194328  0.0184468441
  13.2547302  0.062714532  0.0184769053
  13.2645712  0.0628097951  0.0185070261
  13.2744179  0.0629051924  0.0185371935
  13.2842731  0.0630007461  0.0185674205
  13.2941351  0.0630964339  0.0185976978
  13.3040037  0.0631922632  0.018628031
  13.3138809  0.0632882565  0.0186584163
  13.3237648  0.0633843765  0.0186888557
  13.3336563  0.0634808093  0.0187193565
  13.3435545  0.063577421  0.0187499039
  13.3534594  0.0636741742  0.0187805034
  13.3633728  0.0637710989  0.0188111663
  13.3732948  0.0638681725  0.0188418869
  13.3832216  0.0639653727  0.0188726522
  13.393158  0.0640627369  0.0189034808
  13.4031  0.0641602278  0.018934356
  13.4130507  0.0642578974  0.018965289
  13.423008  0.0643557012  0.0189962834
  13.432972  0.0644536391  0.0190273225
  13.4429455  0.0645517558  0.0190584268
  13.4529247  0.0646499917  0.0190895777
  13.4629116  0.0647483915  0.0191207901
  13.4729071  0.0648469552  0.019152062
  13.4829092  0.0649456531  0.0191833824
  13.492918  0.065044485  0.0192147568
  13.5029345  0.0651434958  0.0192461926
  13.5129585  0.0652426332  0.0192776788
  13.5229902  0.0653419346  0.0193092264
  13.5330305  0.0654413924  0.0193408318
  13.5430765  0.0655410215  0.0193724856
  13.5531311  0.0656411275  0.019404022
  13.5631924  0.0657413751  0.0194356069
  13.5732603  0.0658417568  0.0194672439
  13.5833368  0.0659423098  0.0194989387
  13.5934219  0.0660430267  0.0195306949
  13.6035128  0.0661438704  0.0195624996
  13.6136112  0.0662448928  0.0195943695
  13.6237173  0.0663460419  0.0196262859
  13.633832  0.0664473698  0.0196582675
  13.6439533  0.0665488392  0.0196903013
  13.6540833  0.06665048  0.0197223984
  13.6642189  0.066752255  0.0197545439
  13.6743622  0.0668541864  0.0197867509
  13.684514  0.0669562966  0.0198190175
  13.6946735  0.0670585483  0.0198513437
  13.7048397  0.0671609417  0.0198837183
  13.7150135  0.0672635064  0.0199161526
  13.7251959  0.0673662275  0.0199486483
  13.7353849  0.0674691126  0.0199812036
  13.7455826  0.0675721541  0.0200138167
  13.7557869  0.0676753372  0.0200464819
  13.7659979  0.0677787438  0.0200774018
  13.7762175  0.0678823814  0.0201058853
  13.7864437  0.0679861531  0.0201344136
  13.7966795  0.0680901036  0.0201629978
  13.806921  0.0681942031  0.0201916248
  13.8171721  0.0682984814  0.0202203132
  13.8274298  0.0684029087  0.0202490408
  13.8376932  0.0685074702  0.0202778168
  13.8479662  0.0686122105  0.0203066431
  13.8582468  0.0687171146  0.0203355215
  13.868536  0.0688221902  0.0203644503
  13.8788309  0.0689274073  0.0203934237
  13.8891335  0.0690327734  0.0204224493
  13.8994455  0.0691383332  0.0204515308
  13.9097643  0.069244042  0.0204806551
  13.9200897  0.0693498924  0.0205098279
  13.9304237  0.0694559291  0.0205390584
  13.9407663  0.0695621297  0.0205683392
  13.9511156  0.0696684793  0.0205976646
  13.9614716  0.0697749853  0.0206270404
  13.971837  0.0698816702  0.0206564683
  13.9822092  0.0699885115  0.0206859484
  13.99259  0.0700980872  0.0207154658
  14.0029774  0.0702084377  0.0207450185
  14.0133724  0.0703189671  0.0207746215
  14.0237751  0.0704296604  0.0208042767
  14.0341864  0.0705405399  0.020833984
  14.0446053  0.0706515908  0.0208637435
  14.0550318  0.0707628205  0.0208935533
  14.065465  0.0708741993  0.0209234096
  14.0759077  0.0709857792  0.0209533237
  14.0863571  0.0710975304  0.0209832881
  14.0968142  0.0712094456  0.0210133027
  14.1072798  0.0713215545  0.0210433751
  14.1177521  0.0714338347  0.0210734904
  14.1282339  0.0715462938  0.0211036671
  14.1387205  0.0716588944  0.0211338848
  14.1492176  0.0717717037  0.0211641602
  14.1597214  0.0718846768  0.0211944878
  14.1702337  0.0719978437  0.0212248676
  14.1807528  0.0721111745  0.0212553013
  14.1912804  0.0722247064  0.0212857891
  14.2018156  0.0723384023  0.021316329
  14.2123594  0.0724527016  0.0213469192
  14.2229099  0.0725690424  0.0213775411
  14.2334681  0.0726855695  0.0214082152
  14.2440348  0.0728022754  0.0214389432
  14.2546101  0.0729191974  0.021469729
  14.265192  0.0730362758  0.0215005577
  14.2757816  0.0731535554  0.0215314478
  14.2863798  0.0732710212  0.02156239
  14.2969866  0.0733886808  0.0215933844
  14.3076  0.0735065117  0.021624431
  14.318222  0.0736245438  0.0216555353
  14.3288507  0.0737427548  0.0216866881
  14.339489  0.0738611594  0.0217179023
  14.3501339  0.0739797503  0.0217491686
  14.3607874  0.0740985498  0.021780489
  14.3714476  0.0742175132  0.021811856
  14.3821163  0.0743366703  0.0218432844
  14.3927937  0.0744560212  0.0218747668
  14.4034786  0.0745755732  0.0219063051
  14.4141722  0.074695304  0.0219378974
  14.4248724  0.0748152211  0.0219695419
  14.4355803  0.0749353394  0.0220012404
  14.4462976  0.0750569031  0.0220330004
  14.4570217  0.0751795769  0.0220648069
  14.4677553  0.0753024891  0.0220966805
  14.4784956  0.0754255578  0.0221285988
  14.4892435  0.0755488425  0.0221605748
  14.5  0.0756723359  0.0221926123
