 Cu Density=8.96
 Wavelength (nm), Delta, Beta
  12.5  0.0347302929  0.0560092516
  12.5092793  0.0347543359  0.0560571961
  12.5185671  0.0347784124  0.0561051667
  12.5278587  0.034802489  0.0561531968
  12.5371609  0.0348265842  0.0562012829
  12.5464678  0.0348506384  0.0562493689
  12.5557814  0.0348747037  0.0562975146
  12.5651035  0.0348987766  0.0563457273
  12.5744314  0.0349228159  0.0563939437
  12.583765  0.0349468701  0.0564422123
  12.5931072  0.0349709168  0.0564905331
  12.6024561  0.0349949561  0.0565388948
  12.6118126  0.0350189842  0.0565872937
  12.6211748  0.0350430124  0.05663573
  12.6305447  0.0350670405  0.0566842221
  12.6399202  0.0350910574  0.056732744
  12.6493053  0.0351150595  0.0567813031
  12.6586962  0.0351390727  0.0568299219
  12.6680927  0.0351630673  0.056878563
  12.6774969  0.0351870395  0.0569272339
  12.6869087  0.0352110341  0.0569759831
  12.6963272  0.0352350175  0.0570247546
  12.7057524  0.0352596827  0.0570735484
  12.7151852  0.0352857076  0.0571224168
  12.7246246  0.035311725  0.057171315
  12.7340708  0.0353377387  0.0572202466
  12.7435236  0.0353637375  0.0572692081
  12.752984  0.0353897549  0.057318233
  12.7624531  0.0354157723  0.0573673137
  12.7719269  0.0354417749  0.057416413
  12.7814083  0.0354677811  0.0574655458
  12.7908974  0.0354937986  0.0575147532
  12.8003922  0.0355198085  0.0575639792
  12.8098946  0.0355457999  0.0576132424
  12.8194046  0.0355718099  0.0576625541
  12.8289223  0.0355978087  0.0577119179
  12.8384457  0.0356238112  0.0577613115
  12.8479767  0.0356498174  0.057810761
  12.8575144  0.03567582  0.0578602366
  12.8670607  0.0357018188  0.0579097793
  12.8766117  0.0357278176  0.0579593442
  12.8861713  0.0357538126  0.0580089539
  12.8957376  0.0357798077  0.0580586009
  12.9053116  0.0358057953  0.0581083
  12.9148912  0.0358336009  0.0581585169
  12.9244785  0.0358620994  0.0582089871
  12.9340734  0.0358906016  0.0582594797
  12.943676  0.0359191038  0.0583100244
  12.9532862  0.0359476134  0.0583606102
  12.9629021  0.0359761305  0.0584112518
  12.9725246  0.0360046513  0.058461912
  12.9821558  0.0360331908  0.0585126542
  12.9917936  0.0360617116  0.0585634038
  13.0014372  0.0360902473  0.058614213
  13.0110893  0.0361188017  0.058665067
  13.0207491  0.036147356  0.0587159805
  13.0304155  0.0361759029  0.0587669089
  13.0400877  0.0362044573  0.0588178784
  13.0497694  0.0362330303  0.0588689297
  13.0594568  0.0362615921  0.0589199886
  13.0691509  0.0362901613  0.058971107
  13.0788536  0.0363187492  0.0590222739
  13.088563  0.0363473371  0.0590734929
  13.09828  0.0363759138  0.0591247305
  13.1080046  0.0364045203  0.0591760315
  13.1177349  0.0364331789  0.0592276454
  13.1274729  0.0364623554  0.059281636
  13.1372185  0.036491558  0.0593356937
  13.1469707  0.0365207605  0.0593897998
  13.1567316  0.0365499668  0.0594439544
  13.1664991  0.036579188  0.0594981685
  13.1762724  0.0366084091  0.0595524274
  13.1860552  0.0366376489  0.0596067458
  13.1958437  0.0366668701  0.0596610717
  13.2056398  0.0366961136  0.0597154908
  13.2154436  0.0367253646  0.0597699471
  13.2252541  0.0367546044  0.0598244406
  13.2350731  0.0367838703  0.0598790012
  13.2448988  0.0368131436  0.0599336103
  13.2547302  0.0368424095  0.0599882528
  13.2645712  0.0368716754  0.0600429513
  13.2744179  0.0369009599  0.0600977093
  13.2842731  0.0369302556  0.0601525158
  13.2941351  0.0369595364  0.0602073595
  13.3040037  0.0369888358  0.0602622591
  13.3138809  0.0370181501  0.060317222
  13.3237648  0.037047442  0.0603722073
  13.3336563  0.037076816  0.0604272671
  13.3435545  0.0371062346  0.0604823679
  13.3534594  0.0371356532  0.0605375282
  13.3633728  0.0371650755  0.0605927035
  13.3732948  0.037194524  0.0606479943
  13.3832216  0.0372239575  0.0607032888
  13.393158  0.0372533984  0.0607586391
  13.4031  0.0372828506  0.0608140379
  13.4130507  0.0373123102  0.0608695
  13.423008  0.0373417623  0.0609249994
  13.432972  0.0373712257  0.0609805435
  13.4429455  0.0374007113  0.0610361882
  13.4529247  0.0374301858  0.0610918403
  13.4629116  0.0374596566  0.0611475334
  13.4729071  0.0374891572  0.0612033121
  13.4829092  0.037518654  0.0612591207
  13.492918  0.0375481285  0.0613149628
  13.5029345  0.037577644  0.0613708869
  13.5129585  0.0376071446  0.0614268407
  13.5229902  0.0376366638  0.0614828765
  13.5330305  0.0376661681  0.0615389124
  13.5430765  0.0376956947  0.0615950488
  13.5531311  0.0377259329  0.0616512261
  13.5631924  0.0377562717  0.0617074333
  13.5732603  0.0377866253  0.0617636964
  13.5833368  0.0378169939  0.0618200414
  13.5934219  0.0378473587  0.0618763901
  13.6035128  0.0378777348  0.0619328283
  13.6136112  0.0379081294  0.0619893111
  13.6237173  0.0379385203  0.062045835
  13.633832  0.0379689038  0.0621024035
  13.6439533  0.0379993096  0.0621590428
  13.6540833  0.0380297303  0.0622157492
  13.6642189  0.0380601324  0.0622724593
  13.6743622  0.0380905531  0.0623292401
  13.684514  0.0381209999  0.0623860918
  13.6946735  0.0381514244  0.0624429733
  13.7048397  0.0381818637  0.0624999218
  13.7150135  0.0382123142  0.062556915
  13.7251959  0.0382427797  0.0626139641
  13.7353849  0.0382732302  0.0626710504
  13.7455826  0.0383037105  0.0627282187
  13.7557869  0.0383341797  0.0627854243
  13.7659979  0.0383649245  0.0628426597
  13.7762175  0.0383965783  0.0628999695
  13.7864437  0.0384282321  0.0629573241
  13.7966795  0.0384598859  0.0630147308
  13.806921  0.0384915583  0.0630721822
  13.8171721  0.0385232568  0.0631297305
  13.8274298  0.0385549404  0.0631872788
  13.8376932  0.0385866314  0.0632449016
  13.8479662  0.0386183485  0.0633025765
  13.8582468  0.0386500768  0.0633603036
  13.868536  0.0386818014  0.0634180829
  13.8788309  0.0387135372  0.0634759068
  13.8891335  0.0387452804  0.0635337979
  13.8994455  0.038777031  0.0635917187
  13.9097643  0.0388088003  0.0636497214
  13.9200897  0.0388405733  0.063707754
  13.9304237  0.0388723649  0.0637658611
  13.9407663  0.0389041454  0.0638240054
  13.9511156  0.0389359444  0.0638822019
  13.9614716  0.0389677547  0.0639404729
  13.971837  0.0389995612  0.0639987588
  13.9822092  0.0390313901  0.0640571341
  13.99259  0.0390641876  0.0641155615
  14.0029774  0.0390975624  0.0641740188
  14.0133724  0.0391309373  0.0642325133
  14.0237751  0.0391643457  0.0642910823
  14.0341864  0.0391977653  0.0643497184
  14.0446053  0.0392311811  0.0644083843
  14.0550318  0.0392646305  0.0644671246
  14.065465  0.0392980799  0.0645258948
  14.0759077  0.0393315442  0.0645847172
  14.0863571  0.0393650234  0.0646436214
  14.0968142  0.0393985175  0.064702563
  14.1072798  0.0394320339  0.064761579
  14.1177521  0.0394655354  0.0648206174
  14.1282339  0.0394990779  0.0648797378
  14.1387205  0.0395326093  0.0649388805
  14.1492176  0.0395661555  0.0649980754
  14.1597214  0.0395997278  0.0650573522
  14.1702337  0.0396333113  0.0651166812
  14.1807528  0.039666906  0.0651760623
  14.1912804  0.0397005044  0.0652354881
  14.2018156  0.0397341289  0.065294981
  14.2123594  0.0397677645  0.0653545186
  14.2229099  0.0398038253  0.0654141083
  14.2334681  0.0398399197  0.0654737577
  14.2440348  0.0398760326  0.0655334592
  14.2546101  0.0399121605  0.0655932203
  14.265192  0.0399483107  0.065653041
  14.2757816  0.0399844833  0.0657129213
  14.2863798  0.0400206782  0.0657728463
  14.2969866  0.0400568768  0.0658328161
  14.3076  0.040093109  0.0658928454
  14.318222  0.0401293635  0.0659529567
  14.3288507  0.0401656106  0.0660130754
  14.339489  0.0402019061  0.0660732836
  14.3501339  0.0402382128  0.0661335364
  14.3607874  0.0402745306  0.0661938339
  14.3714476  0.0403108746  0.0662541986
  14.3821163  0.0403472334  0.0663146228
  14.3927937  0.0403836221  0.0663751066
  14.4034786  0.0404200144  0.0664356276
  14.4141722  0.0404564403  0.0664962009
  14.4248724  0.0404928736  0.066556856
  14.4355803  0.0405293219  0.0666175112
  14.4462976  0.0405674875  0.0666796267
  14.4570217  0.040608421  0.066743955
  14.4677553  0.040649388  0.0668083355
  14.4784956  0.0406903848  0.0668727979
  14.4892435  0.0407314152  0.0669372976
  14.5  0.0407724865  0.0670019016
