 Mo Density=10.22
 Wavelength (nm), Delta, Beta
  12.5  0.0615031272  0.00507026212
  12.5092793  0.0616292842  0.00507668313
  12.5185671  0.0617557094  0.00508311251
  12.5278587  0.0618823357  0.00508954842
  12.5371609  0.0620092303  0.00509599596
  12.5464678  0.0621363707  0.00510244863
  12.5557814  0.0622637235  0.00510891015
  12.5651035  0.062391337  0.00511538144
  12.5744314  0.0625192001  0.00512185832
  12.583765  0.0626472756  0.00512834406
  12.5931072  0.0627756044  0.0051348391
  12.6024561  0.0629041716  0.00514134206
  12.6118126  0.063033022  0.00514785293
  12.6211748  0.0631620735  0.00515437219
  12.6305447  0.0632913783  0.00516089983
  12.6399202  0.0634209141  0.00516743539
  12.6493053  0.0635507405  0.00517398026
  12.6586962  0.0636807904  0.00518053304
  12.6680927  0.0638110563  0.00518709281
  12.6774969  0.0639416054  0.00519366097
  12.6869087  0.0640723631  0.0052016736
  12.6963272  0.0642032921  0.00521276845
  12.7057524  0.0643344894  0.00522388937
  12.7151852  0.0644659251  0.00523503311
  12.7246246  0.0645975992  0.0052461992
  12.7340708  0.0647295043  0.00525738858
  12.7435236  0.0648617074  0.00526860496
  12.752984  0.0649923906  0.00527715543
  12.7624531  0.0651208088  0.00528181856
  12.7719269  0.0652494803  0.00528648263
  12.7814083  0.0653783605  0.00529115275
  12.7908974  0.0655144975  0.00530072767
  12.8003922  0.0656513125  0.00531063462
  12.8098946  0.065788433  0.00532056158
  12.8194046  0.0659257919  0.00533050625
  12.8289223  0.0660634488  0.0053404714
  12.8384457  0.0662013218  0.00535045285
  12.8479767  0.0663394704  0.00536045292
  12.8575144  0.0664778799  0.00537047163
  12.8670607  0.0666166022  0.00538051268
  12.8766117  0.0667555332  0.00539056864
  12.8861713  0.0668947324  0.00540064322
  12.8957376  0.0670342073  0.00541073782
  12.9053116  0.0671739876  0.00542085292
  12.9148912  0.0673139766  0.00543098385
  12.9244785  0.0674533844  0.00544553949
  12.9340734  0.0675930232  0.00546024414
  12.943676  0.0677329823  0.00547499442
  12.9532862  0.0678732023  0.00548978476
  12.9629021  0.0680136457  0.00550460909
  12.9725246  0.0681543425  0.00551947299
  12.9821558  0.0682953373  0.00553437881
  12.9917936  0.0684391856  0.00554420846
  13.0014372  0.0685834438  0.00555372005
  13.0110893  0.0687279999  0.00556324981
  13.0207491  0.0688728243  0.00557279494
  13.0304155  0.0690179691  0.00558235822
  13.0400877  0.0691633299  0.00559193455
  13.0497694  0.0693090037  0.00560153043
  13.0594568  0.069451794  0.00561752357
  13.0691509  0.0695943087  0.00563455233
  13.0788536  0.0697371215  0.00565163512
  13.088563  0.069880195  0.00566876819
  13.09828  0.0700235665  0.00568595994
  13.1080046  0.0701671988  0.00570319919
  13.1177349  0.0703110769  0.00572048826
  13.1274729  0.0704552606  0.00573783647
  13.1372185  0.0705996901  0.00575523078
  13.1469707  0.0707443953  0.00577267818
  13.1567316  0.0708909407  0.00578929903
  13.1664991  0.071044445  0.00580204697
  13.1762724  0.0711982325  0.00581482146
  13.1860552  0.0713523477  0.00582762575
  13.1958437  0.0714997649  0.00584517326
  13.2056398  0.0716428608  0.00586584536
  13.2154436  0.0717862323  0.00588659057
  13.2252541  0.0719300061  0.00590729807
  13.2350731  0.0720807612  0.00592132984
  13.2448988  0.0722318068  0.0059353956
  13.2547302  0.0723831207  0.00594949303
  13.2645712  0.0725347772  0.00596362958
  13.2744179  0.0726866797  0.00597779453
  13.2842731  0.0728388876  0.0059919944
  13.2941351  0.0729914084  0.0060062306
  13.3040037  0.0731434226  0.00602349546
  13.3138809  0.0732955635  0.00604151096
  13.3237648  0.0734480098  0.00605958514
  13.3336563  0.0736007467  0.00607771007
  13.3435545  0.0737537444  0.0060958867
  13.3534594  0.0739070252  0.0061141164
  13.3633728  0.0740606487  0.00613240898
  13.3732948  0.0742170215  0.00615416374
  13.3832216  0.0743755475  0.00617861655
  13.393158  0.0745344311  0.00620317878
  13.4031  0.074693583  0.00622782763
  13.4130507  0.0748430416  0.00624404522
  13.423008  0.0749920309  0.00625965931
  13.432972  0.0751412585  0.00627530692
  13.4429455  0.075293459  0.00629350031
  13.4529247  0.0754526928  0.00631813565
  13.4629116  0.0756122768  0.00634287857
  13.4729071  0.0757721514  0.00636771088
  13.4829092  0.0759323165  0.00639263773
  13.492918  0.0760928094  0.00641767215
  13.5029345  0.0762536079  0.00644279504
  13.5129585  0.0764146894  0.00646801572
  13.5229902  0.0765652955  0.00648329034
  13.5330305  0.0767157227  0.00649816636
  13.5430765  0.0768664032  0.00651307311
  13.5531311  0.0770208538  0.00653049489
  13.5631924  0.0771845207  0.00655432511
  13.5732603  0.0773484558  0.0065782317
  13.5833368  0.0775127262  0.00660222769
  13.5934219  0.0776712745  0.00662164064
  13.6035128  0.077825956  0.00663791737
  13.6136112  0.0779809356  0.00665423507
  13.6237173  0.0781361908  0.00667059282
  13.633832  0.0783015788  0.00669175107
  13.6439533  0.0784681886  0.00671342527
  13.6540833  0.0786351413  0.00673517259
  13.6642189  0.0788024142  0.00675699394
  13.6743622  0.0789699852  0.00677888002
  13.684514  0.0791379139  0.00680083828
  13.6946735  0.0793061778  0.00682287477
  13.7048397  0.0794747174  0.00684497319
  13.7150135  0.0796435922  0.00686714379
  13.7251959  0.0798128173  0.0068893875
  13.7353849  0.079982385  0.00691171084
  13.7455826  0.0801522583  0.00693409983
  13.7557869  0.080322437  0.00695655821
  13.7659979  0.0804929808  0.00697909808
  13.7762175  0.0806637853  0.00700183213
  13.7864437  0.0808326751  0.00703003863
  13.7966795  0.0810019448  0.00705837132
  13.806921  0.0811714903  0.00708680507
  13.8171721  0.0813413933  0.00711535662
  13.8274298  0.0815116391  0.00714403344
  13.8376932  0.0816821456  0.00717281131
  13.8479662  0.0818530023  0.00720170699
  13.8582468  0.0820241943  0.00723072002
  13.868536  0.0821957588  0.0072598625
  13.8788309  0.0823675841  0.00728910835
  13.8891335  0.0825397521  0.00731847202
  13.8994455  0.0827108771  0.00734430738
  13.9097643  0.0828817487  0.00736887753
  13.9200897  0.0830529407  0.00739352778
  13.9304237  0.0832244828  0.00741826277
  13.9407663  0.0833963826  0.00744308997
  13.9511156  0.0835699961  0.00746798934
  13.9614716  0.08374466  0.00749297393
  13.971837  0.083919704  0.00751805119
  13.9822092  0.0840950385  0.00754320296
  13.99259  0.0842707232  0.00756843993
  14.0029774  0.0844467357  0.0075937598
  14.0133724  0.0846231133  0.0076191742
  14.0237751  0.0847997889  0.00764466356
  14.0341864  0.0849768296  0.00767024001
  14.0446053  0.0851542279  0.00769591006
  14.0550318  0.0853319317  0.00772165786
  14.065465  0.0855099559  0.00774748856
  14.0759077  0.0856883824  0.00777341938
  14.0863571  0.0858671069  0.00779942516
  14.0968142  0.0860461667  0.00782551803
  14.1072798  0.0862255916  0.0078517003
  14.1177521  0.0864053741  0.00787797756
  14.1282339  0.0865854919  0.00790433399
  14.1387205  0.0867658928  0.0079307761
  14.1492176  0.0869467258  0.0079573188
  14.1597214  0.0871278495  0.00798393972
  14.1702337  0.087310046  0.0080113858
  14.1807528  0.087507084  0.00805392582
  14.1912804  0.087704584  0.00809671264
  14.2018156  0.0879024267  0.00813970715
  14.2123594  0.0881009325  0.0081785107
  14.2229099  0.0883010551  0.00819879491
  14.2334681  0.0885015279  0.00821912289
  14.2440348  0.088702403  0.00823950116
  14.2546101  0.0888948143  0.00826553162
  14.265192  0.0890689418  0.0083032893
  14.2757816  0.0892434195  0.00834122393
  14.2863798  0.0894182175  0.00837932993
  14.2969866  0.0896087363  0.00840756856
  14.3076  0.0898185968  0.00842343085
  14.318222  0.0900288969  0.0084393248
  14.3288507  0.0902396515  0.00845524948
  14.339489  0.090441443  0.00848280732
  14.3501339  0.0906362087  0.00851966906
  14.3607874  0.090831399  0.00855670776
  14.3714476  0.0910269096  0.00859388988
  14.3821163  0.0912228003  0.00863123406
  14.3927937  0.0914191008  0.00866874121
  14.4034786  0.0916158035  0.00870642811
  14.4141722  0.0918128565  0.00874426123
  14.4248724  0.0920183361  0.00877815764
  14.4355803  0.0922270119  0.00881079957
  14.4462976  0.0924360827  0.00884355325
  14.4570217  0.0926455408  0.00887642428
  14.4677553  0.0928554982  0.00890943408
  14.4784956  0.0930657983  0.00894255005
  14.4892435  0.0932765231  0.00897579081
  14.5  0.0934876874  0.00900915638
