 Ru Density=12.41
 Wavelength (nm), Delta, Beta
  12.5  0.0903236791  0.0098355189
  12.5092793  0.0905240253  0.00987795647
  12.5185671  0.090724811  0.00992059521
  12.5278587  0.090925917  0.00996339694
  12.5371609  0.0911274776  0.0100063886
  12.5464678  0.0913294405  0.0100495797
  12.5557814  0.091531761  0.0100929393
  12.5651035  0.0917345136  0.0101364898
  12.5744314  0.0919376835  0.0101802433
  12.583765  0.0921411887  0.0102241654
  12.5931072  0.0923451185  0.0102682794
  12.6024561  0.0925494581  0.0103125842
  12.6118126  0.0927549005  0.0103595341
  12.6211748  0.0929621756  0.0104123298
  12.6305447  0.0931698903  0.0104653975
  12.6399202  0.093378  0.0105187325
  12.6493053  0.0935865864  0.0105723673
  12.6586962  0.0937955379  0.0106262499
  12.6680927  0.0940048695  0.0106804036
  12.6774969  0.0942146853  0.0107348599
  12.6869087  0.094424881  0.0107895723
  12.6963272  0.0946354792  0.0108445603
  12.7057524  0.0948465466  0.0108998548
  12.7151852  0.0950580016  0.0109554073
  12.7246246  0.0952698588  0.011011241
  12.7340708  0.095482111  0.0110673578
  12.7435236  0.0956948623  0.0111237876
  12.752984  0.0959079787  0.01118048
  12.7624531  0.0961215347  0.0112374621
  12.7719269  0.0963355526  0.0112947607
  12.7814083  0.0965499207  0.0113523221
  12.7908974  0.0967647508  0.0114101805
  12.8003922  0.0969799682  0.0114683304
  12.8098946  0.0971956626  0.0115268053
  12.8194046  0.0974119306  0.0115866382
  12.8289223  0.0976287574  0.011647325
  12.8384457  0.0978459492  0.0117082978
  12.8479767  0.0980635658  0.011769589
  12.8575144  0.0982816219  0.0118312025
  12.8670607  0.0985001847  0.0118931709
  12.8766117  0.0987190902  0.0119554298
  12.8861713  0.0989384353  0.0120180128
  12.8957376  0.0991582274  0.0120809274
  12.9053116  0.0993785039  0.0121442033
  12.9148912  0.0995991379  0.0122077744
  12.9244785  0.0998202264  0.0122716827
  12.9340734  0.100041755  0.0123359226
  12.943676  0.100263789  0.0124005331
  12.9532862  0.100486271  0.0124654826
  12.9629021  0.10070911  0.0125307376
  12.9725246  0.100932375  0.0125963343
  12.9821558  0.101156116  0.0126622766
  12.9917936  0.101380341  0.0127285942
  13.0014372  0.101604931  0.0127952257
  13.0110893  0.101829998  0.0128622102
  13.0207491  0.10205552  0.0129296854
  13.0304155  0.102281913  0.0129997944
  13.0400877  0.102508679  0.0130702471
  13.0497694  0.102735922  0.0131410863
  13.0594568  0.102963656  0.0132123409
  13.0691509  0.103191771  0.0132839456
  13.0788536  0.103420362  0.0133559424
  13.088563  0.103649393  0.0134283276
  13.09828  0.10387893  0.0135011384
  13.1080046  0.104108885  0.0135743134
  13.1177349  0.104339264  0.0136478804
  13.1274729  0.10457015  0.0137218814
  13.1372185  0.104801446  0.0137962494
  13.1469707  0.105033197  0.0138710197
  13.1567316  0.105265483  0.0139462352
  13.1664991  0.105498165  0.0140218195
  13.1762724  0.105731279  0.0140978126
  13.1860552  0.105964892  0.0141742192
  13.1958437  0.106198989  0.0142510748
  13.2056398  0.106433496  0.0143283121
  13.2154436  0.10666848  0.0144059677
  13.2252541  0.106903963  0.0144840805
  13.2350731  0.107140213  0.0145658655
  13.2448988  0.107377395  0.0146523379
  13.2547302  0.107614994  0.0147393197
  13.2645712  0.107853144  0.0148268649
  13.2744179  0.108091705  0.0149148842
  13.2842731  0.108330742  0.0150034288
  13.2941351  0.1085703  0.0150925396
  13.3040037  0.108810276  0.0151821375
  13.3138809  0.109050728  0.0152722681
  13.3237648  0.109291695  0.0153629733
  13.3336563  0.109533116  0.0154541796
  13.3435545  0.109774977  0.0155459214
  13.3534594  0.1100173  0.0156382062
  13.3633728  0.110260189  0.0157310907
  13.3732948  0.110503525  0.0158244818
  13.3832216  0.110747293  0.0159184225
  13.393158  0.110991627  0.0160129704
  13.4031  0.111236364  0.0161080286
  13.4130507  0.111481607  0.0162036568
  13.423008  0.111727372  0.0162998959
  13.432972  0.111973554  0.0163966585
  13.4429455  0.112220272  0.0164940041
  13.4529247  0.112467773  0.01659251
  13.4629116  0.112715922  0.0166917872
  13.4729071  0.112964526  0.0167916175
  13.4829092  0.113213606  0.0168920383
  13.492918  0.113463208  0.0169931073
  13.5029345  0.113713272  0.0170947351
  13.5129585  0.11396379  0.0171969663
  13.5229902  0.114214852  0.0172998123
  13.5330305  0.114466444  0.0174033232
  13.5430765  0.114718474  0.0175074041
  13.5531311  0.114971019  0.017612109
  13.5631924  0.115224086  0.0177174881
  13.5732603  0.115477599  0.0178234447
  13.5833368  0.115731619  0.0179300383
  13.5934219  0.115986206  0.018037321
  13.6035128  0.116241209  0.0181451887
  13.6136112  0.116496757  0.0182537083
  13.6237173  0.116752766  0.0183628723
  13.633832  0.117009349  0.0184727442
  13.6439533  0.117266387  0.0185832176
  13.6540833  0.117523946  0.0186943598
  13.6642189  0.117781438  0.0188076422
  13.6743622  0.118037008  0.0189274196
  13.684514  0.118293107  0.0190479662
  13.6946735  0.118549749  0.019169338
  13.7048397  0.118806802  0.0192914195
  13.7150135  0.119064383  0.0194142777
  13.7251959  0.119322486  0.0195379257
  13.7353849  0.119581126  0.0196624175
  13.7455826  0.119840242  0.0197876468
  13.7557869  0.12009982  0.0199136622
  13.7659979  0.120359972  0.0200405475
  13.7762175  0.120620593  0.0201681815
  13.7864437  0.120881699  0.0202966258
  13.7966795  0.121143393  0.0204259548
  13.806921  0.12140552  0.0205560345
  13.8171721  0.121668212  0.020686958
  13.8274298  0.121931434  0.0208187737
  13.8376932  0.12219508  0.0209513549
  13.8479662  0.122459278  0.0210847873
  13.8582468  0.122723997  0.021219071
  13.868536  0.122989304  0.0213542804
  13.8788309  0.123255022  0.0214902777
  13.8891335  0.123517364  0.0216272511
  13.8994455  0.123777457  0.0217652563
  13.9097643  0.124037974  0.0219040737
  13.9200897  0.124298975  0.0220437683
  13.9304237  0.124560498  0.0221843626
  13.9407663  0.124822594  0.0223259218
  13.9511156  0.125085101  0.022468308
  13.9614716  0.125348121  0.0226116069
  13.971837  0.125611708  0.0227558929
  13.9822092  0.125875741  0.0229010247
  13.99259  0.126140311  0.0230470859
  14.0029774  0.126405358  0.0231940746
  14.0133724  0.126670972  0.023342073
  14.0237751  0.126937032  0.0234909412
  14.0341864  0.127203628  0.0236407649
  14.0446053  0.127470776  0.0237916168
  14.0550318  0.127738401  0.0239433572
  14.065465  0.128006473  0.024096055
  14.0759077  0.128275201  0.0242498145
  14.0863571  0.128544345  0.0244044755
  14.0968142  0.128814012  0.0245601218
  14.1072798  0.129084215  0.0247167647
  14.1177521  0.129341319  0.0248755477
  14.1282339  0.12959826  0.0250353254
  14.1387205  0.129855618  0.0251961183
  14.1492176  0.130113542  0.0253580362
  14.1597214  0.130371869  0.0255209077
  14.1702337  0.130630717  0.0256848279
  14.1807528  0.130890012  0.0258497987
  14.1912804  0.131149873  0.0260159187
  14.2018156  0.131410137  0.0261830203
  14.2123594  0.131670907  0.0263511911
  14.2229099  0.131932199  0.026520526
  14.2334681  0.132193908  0.0266908649
  14.2440348  0.132456124  0.0268623009
  14.2546101  0.132718906  0.0270349253
  14.265192  0.132982075  0.0272085648
  14.2757816  0.133245751  0.0273833256
  14.2863798  0.133509934  0.0275592078
  14.2969866  0.133774653  0.0277363118
  14.3076  0.134039804  0.0279144589
  14.318222  0.134305447  0.0280937534
  14.3288507  0.134571612  0.0282742847
  14.339489  0.134834543  0.0284557212
  14.3501339  0.13509056  0.0286379792
  14.3607874  0.135347053  0.0288214963
  14.3714476  0.135603979  0.0290060919
  14.3821163  0.135861367  0.029191874
  14.3927937  0.136119246  0.0293788444
  14.4034786  0.136377618  0.0295671076
  14.4141722  0.136636421  0.0297564827
  14.4248724  0.136895671  0.0299470704
  14.4355803  0.137155429  0.0301389694
  14.4462976  0.137415648  0.030332014
  14.4570217  0.137676299  0.0305262823
  14.4677553  0.137937516  0.0307219084
  14.4784956  0.138199106  0.0309186708
  14.4892435  0.138461187  0.0311167035
  14.5  0.138723776  0.0313160084
