 Si Density=2.33
 Wavelength (nm), Delta, Beta
  12.5 -0.0101058083  0.00181237515
  12.5092793 -0.0098896753  0.00181132241
  12.5185671 -0.00968418736  0.00181026803
  12.5278587 -0.00947820581  0.00180921587
  12.5371609 -0.00927159656  0.00180816557
  12.5464678 -0.00906420685  0.00180711271
  12.5557814 -0.00885632355  0.00180606288
  12.5651035 -0.00864780508  0.00180501421
  12.5744314 -0.00843850151  0.0018039631
  12.583765 -0.00822869968  0.00180291513
  12.5931072 -0.0080182571  0.00180186774
  12.6024561 -0.0078071719  0.00180082105
  12.6118126 -0.00759529974  0.00179977296
  12.6211748 -0.00738292281  0.00179872732
  12.6305447 -0.00716989907  0.00179768272
  12.6399202 -0.0069562248  0.00179663824
  12.6493053 -0.00674175797  0.0017955926
  12.6586962 -0.00652678264  0.00179454987
  12.6680927 -0.0063111512  0.00179350702
  12.6774969 -0.00609472161  0.00179246278
  12.6869087 -0.00587778119  0.00179142179
  12.6963272 -0.00566018187  0.00179038115
  12.7057524 -0.005479977  0.00178976648
  12.7151852 -0.00537342904  0.00178998255
  12.7246246 -0.00526655139  0.00179019815
  12.7340708 -0.00515934313  0.00179041363
  12.7435236 -0.00505173253  0.00179062795
  12.752984 -0.00494386442  0.00179084367
  12.7624531 -0.00483566523  0.00179105985
  12.7719269 -0.00472705951  0.00179127429
  12.7814083 -0.00461819349  0.00179148989
  12.7908974 -0.00450899592  0.00179170619
  12.8003922 -0.00439946121  0.00179192191
  12.8098946 -0.00428951764  0.00179213623
  12.8194046 -0.00417931285  0.0017923523
  12.8289223 -0.00406869687  0.00179256708
  12.8384457 -0.0039578164  0.00179278303
  12.8479767 -0.00384659879  0.00179299898
  12.8575144 -0.00373504148  0.00179321505
  12.8670607 -0.00362307066  0.0017934303
  12.8766117 -0.00351083255  0.00179364614
  12.8861713 -0.00339825288  0.0017938622
  12.8957376 -0.00328533188  0.0017940785
  12.9053116 -0.00317199226  0.00179429329
  12.9148912 -0.00308450195  0.00179473299
  12.9244785 -0.00300696003  0.00179526012
  12.9340734 -0.00292918063  0.00179578736
  12.943676 -0.00285111205  0.00179631391
  12.9532862 -0.00277280482  0.00179684069
  12.9629021 -0.00269431085  0.0017973684
  12.9725246 -0.00261557731  0.00179789611
  12.9821558 -0.00253660488  0.00179842452
  12.9917936 -0.00245733862  0.00179895165
  13.0014372 -0.00237788376  0.00179947971
  13.0110893 -0.00229818863  0.0018000087
  13.0207491 -0.00221825088  0.00180053746
  13.0304155 -0.00213801744  0.00180106517
  13.0400877 -0.00205759355  0.00180159393
  13.0497694 -0.00197692704  0.0018021235
  13.0594568 -0.00189596205  0.00180265168
  13.0691509 -0.00181480579  0.00180318078
  13.0788536 -0.00173340482  0.00180371071
  13.088563 -0.00165175786  0.00180424075
  13.09828 -0.00156981032  0.00180476927
  13.1080046 -0.00148767035  0.00180530001
  13.1177349 -0.00140715216  0.00180582993
  13.1274729 -0.00134339696  0.00180635881
  13.1372185 -0.00127949193  0.00180688919
  13.1469707 -0.00121539389  0.0018074197
  13.1567316 -0.00115106045  0.00180794951
  13.1664991 -0.00108657568  0.00180848048
  13.1762724 -0.00102189649  0.00180901133
  13.1860552 -0.000957023061  0.00180954277
  13.1958437 -0.000891911797  0.00181007269
  13.2056398 -0.000826647854  0.00181060424
  13.2154436 -0.000761188101  0.00181113603
  13.2252541 -0.000695489114  0.00181166641
  13.2350731 -0.000629636284  0.00181219855
  13.2448988 -0.000563586305  0.00181273103
  13.2547302 -0.000497338653  0.00181326293
  13.2645712 -0.000430849876  0.00181379437
  13.2744179 -0.000364205684  0.00181432709
  13.2842731 -0.000297362596  0.00181485992
  13.2941351 -0.000230276739  0.00181539147
  13.3040037 -0.000163034361  0.00181592454
  13.3138809 -9.55917712E-05  0.00181645807
  13.3237648 -2.79048763E-05  0.00181698997
  13.3336563  3.43664724E-05  0.00181752397
  13.3435545  9.07469293E-05  0.00181805773
  13.3534594  0.000147294748  0.00181859161
  13.3633728  0.000204046708  0.00181912479
  13.3732948  0.000260930625  0.00181965972
  13.3832216  0.000317982951  0.0018201943
  13.393158  0.000375240779  0.00182072795
  13.4031  0.000432631321  0.00182126276
  13.4130507  0.000490191625  0.00182179804
  13.423008  0.000547958596  0.00182233204
  13.432972  0.000605859212  0.0018228672
  13.4429455  0.000663930958  0.00182340329
  13.4529247  0.000722173601  0.0018239388
  13.4629116  0.000780624745  0.00182447338
  13.4729071  0.000839211221  0.00182500994
  13.4829092  0.000897969818  0.00182554615
  13.492918  0.000956937962  0.00182608096
  13.5029345  0.00101604243  0.00182661775
  13.5129585  0.00107532018  0.00182715419
  13.5229902  0.00113477209  0.00182769122
  13.5330305  0.00119443529  0.00182822684
  13.5430765  0.00125423598  0.00182876422
  13.5531311  0.00130699296  0.00182977493
  13.5631924  0.0013587327  0.00183086377
  13.5732603  0.00141059095  0.001831954
  13.5833368  0.00146260078  0.00183304527
  13.5934219  0.00151479396  0.0018341362
  13.6035128  0.00156710646  0.00183522853
  13.6136112  0.00161957147  0.0018363219
  13.6237173  0.00167218852  0.0018374155
  13.633832  0.00172499078  0.00183850888
  13.6439533  0.00177791365  0.001839604
  13.6540833  0.00183099066  0.00184070005
  13.6642189  0.001884253  0.00184179517
  13.6743622  0.00193763711  0.00184289191
  13.684514  0.00199117628  0.00184399018
  13.6946735  0.00204490265  0.00184508762
  13.7048397  0.00209875079  0.00184618612
  13.7150135  0.00215275493  0.00184728578
  13.7251959  0.00220691506  0.00184838648
  13.7353849  0.00226126402  0.00184948638
  13.7455826  0.00231573707  0.00185058825
  13.7557869  0.00237036613  0.00185169035
  13.7659979  0.00242357166  0.0018528566
  13.7762175  0.00247169845  0.00185423251
  13.7864437  0.00251996191  0.00185560889
  13.7966795  0.00256839301  0.00185698597
  13.806921  0.00261693308  0.00185836444
  13.8171721  0.00266561261  0.00185974489
  13.8274298  0.00271445909  0.001861125
  13.8376932  0.00276341522  0.00186250615
  13.8479662  0.00281251175  0.00186388916
  13.8582468  0.00286174798  0.00186527334
  13.868536  0.00291115348  0.00186665764
  13.8788309  0.00296066958  0.00186804344
  13.8891335  0.0030103263  0.00186943007
  13.8994455  0.00306015415  0.00187081762
  13.9097643  0.00311009353  0.00187220669
  13.9200897  0.00316017424  0.00187359645
  13.9304237  0.00321039767  0.00187498785
  13.9407663  0.00326079247  0.00187637936
  13.9511156  0.00331129995  0.00187777239
  13.9614716  0.00336195063  0.00187916646
  13.971837  0.00341277407  0.001880561
  13.9822092  0.00346371112  0.00188195729
  13.99259  0.00351159158  0.00188335497
  14.0029774  0.00355761033  0.00188475323
  14.0133724  0.00360378437  0.00188615185
  14.0237751  0.00365006132  0.00188755232
  14.0341864  0.00369646819  0.00188895408
  14.0446053  0.00374303083  0.00189035584
  14.0550318  0.00378969754  0.00189175969
  14.065465  0.00383649371  0.00189316389
  14.0759077  0.00388344843  0.00189456914
  14.0863571  0.00393050676  0.00189597602
  14.0968142  0.00397769641  0.00189738371
  14.1072798  0.00402501831  0.00189879292
  14.1177521  0.00407249806  0.00190020178
  14.1282339  0.00412008399  0.0019016132
  14.1387205  0.0041678003  0.00190302462
  14.1492176  0.00421567727  0.00190443709
  14.1597214  0.0042636604  0.00190585095
  14.1702337  0.00431177719  0.00190726633
  14.1807528  0.00436002668  0.00190868252
  14.1912804  0.00440843822  0.00191009906
  14.2018156  0.00445695641  0.00191151758
  14.2123594  0.0045056087  0.00191293692
  14.2229099  0.00455025584  0.00191435649
  14.2334681  0.00459497981  0.00191577792
  14.2440348  0.00463982625  0.00191720051
  14.2546101  0.00468482217  0.00191862381
  14.265192  0.00472991448  0.00192004815
  14.2757816  0.00477513159  0.00192147412
  14.2863798  0.00482047303  0.0019229009
  14.2969866  0.00486596301  0.00192432804
  14.3076  0.00491155218  0.00192575692
  14.318222  0.00495726662  0.00192718708
  14.3288507  0.0050031296  0.0019286169
  14.339489  0.00504909502  0.00193004939
  14.3501339  0.00509518478  0.00193148258
  14.3607874  0.00514142588  0.00193291612
  14.3714476  0.00518776709  0.00193435128
  14.3821163  0.00523423497  0.0019357875
  14.3927937  0.00528082997  0.00193722523
  14.4034786  0.00532757677  0.00193866296
  14.4141722  0.00537442509  0.00194010243
  14.4248724  0.00542140054  0.00194154307
  14.4355803  0.00546852918  0.00194298371
  14.4462976  0.00551496958  0.0019444268
  14.4570217  0.00556020439  0.00194587
  14.4677553  0.00560558774  0.00194731425
  14.4784956  0.00565106794  0.00194875977
  14.4892435  0.00569667108  0.00195020635
  14.5  0.00574239856  0.00195165456
